00000000000000000000000000000000000000000000000000
01100011111111111111111111000111000000000000000000
01100011111111111111111111000111000000000000000000
01100011111111111111111111000111000000000000000000
01111111111111111111111111000111000000000000000000
01111111111111111111111111000111000010000000000000
01111111111111111111111111000111000010000000000000
01111111111111111111111111000111000010000000000000
01111111111111111111111111111111111110000000000000
01111111111111111111111111000111000010000000000000
01111111111111111111111111000111000000000000000000
01111111111111111111111111000111000000000000000000
01111111111111111111111111000111000000000000000000
00000001000000000000000000000000000000000000000000
01111111111111111111111110000000000000000000000000
01111111111111111111111110000000000000000000000000
01111111111111111111111110000000000000000000000000
01111111111111111111111110000000000000000000000000
00000000000000000000000000000000000000000000000000
00000000000000000000000000000000000000000000000000
00000000000000000000000000000000000000000000000000
00000000000000000000000000000000000000000000000000
00000000000000000000000000000000000000000000000000
00000000000000000000000000000000000000000000000000
00000000000000000000000000000000000000000000000000
00000000000000000000000000000000000000000000000000
00000000000000000000000000000000000000000000000000
00000000000000000000000000000000000000000000000000
00000000000000000000000000000000000000000000000000
00000000000000000000000000000000000000000000000000
00000000000000000000000000000000000000000000000000
00000000000000000000000000000000000000000000000000
00000000000000000000000000000000000000000000000000
00000000000000000000000000000000000000000000000000
00000000000000000000000000000000000000000000000000